3859367583 295127552 3948105888 1507886639 
3859367616 295127552 2329840768 1507886672 
3859367608 295127552 2676583808 1507886664 
3859367602 295127552 3332816320 1507886658 
3859367605 295127552 115675488 1507886661 
3859367618 295127552 201087936 1507886674 
3854092028 295127552 981088768 1502611084 
3854092016 295127552 3279312512 1502611072 
3859367610 295127552 158614720 1507886666 
3859367600 295127552 3962846848 1507886656 
3859367610 295127552 158614720 1507886666 
3854092016 295127552 3279312512 1502611072 
3859367604 295127552 2257986304 1507886660 
3859367605 295127552 115675488 1507886661 
3859367611 295127552 630417440 1507886667 
3859367600 295127552 3962846848 1507886656 
3854092047 295127552 1997630112 1502611103 
3854092016 295127552 3279312512 1502611072 
3854092056 295127552 933415296 1502611112 
3854092085 295127552 540205408 1502611141 
3854092092 295127552 327791104 1502611148 
3854092092 295127552 327791104 1502611148 
3854092095 295127552 3825505440 1502611151 
3854092016 295127552 3279312512 1502611072 
3854092088 295127552 3925089664 1502611144 
3854092095 295127552 3825505440 1502611151 
3854092103 295127552 3120193440 1502611159 
3854092016 295127552 3279312512 1502611072 
3854092081 295127552 1127763680 1502611137 
3854092098 295127552 1389980608 1502611154 
3854092085 295127552 540205408 1502611141 
3854092016 295127552 3279312512 1502611072 
3854092105 295127552 608016352 1502611161 
3854092095 295127552 3825505440 1502611151 
3854092101 295127552 2654117728 1502611157 
3854092047 295127552 1997630112 1502611103 
3854091994 295127552 563181760 1502611050 
